data:  1.10 0.03 0.29 1.60  0.279E+10
params: 1.1000 0.02500 0.2910 1.60 .2790000000000000E+10
suffix: .0110.Z2500.0001.15.960
 Teff, L_Lo, R_Ro:  5775.791369934569 1.4102982389153833 1.1882925745076491
 logG, M_H:  4.3292390891027042 0.17288390695192146
Delta_nu: 110.22717285
